image_width: 640
image_height: 480
camera_name: narrow_stereo
camera_matrix:
  rows: 3
  cols: 3
  data: [684.744382, 0.000000, 294.534981, 0.000000, 689.622957, 254.154856, 0.000000, 0.000000, 1.000000]
distortion_model: plumb_bob
distortion_coefficients:
  rows: 1
  cols: 5
  data: [-0.020893, -0.092285, -0.000730, -0.004224, 0.000000]
rectification_matrix:
  rows: 3
  cols: 3
  data: [1.000000, 0.000000, 0.000000, 0.000000, 1.000000, 0.000000, 0.000000, 0.000000, 1.000000]
projection_matrix:
  rows: 3
  cols: 4
  data: [668.910522, 0.000000, 290.440483, 0.000000, 0.000000, 669.273193, 253.664219, 0.000000, 0.000000, 0.000000, 1.000000, 0.000000]
