image_width: 640
image_height: 480
camera_name: camera
camera_matrix:
  rows: 3
  cols: 3
  data: [1.004653178667896, -0.00913322634965205, 326.4102288026473, -0.00452615573160374, 1, 213.448266852534, 0, 0, 0]
distortion_model: taylor
distortion_coefficients:
  rows: 1
  cols: 4
  data: [691.1429937765002, 0.0007907765543031438, -5.479830329820796e-06, 9.331572970117607e-09]
rectification_matrix:
  rows: 3
  cols: 3
  data: [1, 0, 0, 0, 1, 0, 0, 0, 1]
projection_matrix:
  rows: 3
  cols: 4
  data: [0, 0, 0, -0, 0, 0, 0, -0, 0, 0, 0, -0]