image_width: 640
image_height: 480
camera_name: camera
camera_matrix:
  rows: 3
  cols: 3
  data: [0.99925435127886, 0.004822286000021724, 358.8506338951648, -0.001503431265067986, 1, 215.650440428496, 0, 0, 0]
distortion_model: taylor
distortion_coefficients:
  rows: 1
  cols: 4
  data: [693.7442682789099, -5.011286184299583e-06, -8.676034536610427e-07, 1.559459020582084e-09]
rectification_matrix:
  rows: 3
  cols: 3
  data: [0.856120343993808, 0.01127451419087555, 0.5166535027749851, -0.03436616247147752, 0.9987909697272601, 0.03515061405249683, -0.515632546952658, -0.0478485540120361, 0.8554727303672794]
projection_matrix:
  rows: 3
  cols: 4
  data: [0, 0, 0, -0.2797621262554767, 0, 0, 0, 0.00261239802748108, 0, 0, 0, 0.09986067300377896]